107.789358
73.257929
58.027737
45.317115
41.242393
36.828713
36.828713
33.756836
33.756836
33.756836
33.756836
31.117729
31.117729
28.564460
23.828119
11.807926
11.807926
11.807926
5.946774
5.946774
5.946774
4.738584
4.738584
4.499101
4.499101
4.499101
3.632673
3.632673
2.694386
2.694386
2.694386
1.926557
1.926557
1.926557
1.135296
0.994440
0.994440
0.994440
0.988055
0.988055
0.951507
0.857024
0.857024
0.857024
0.857024
0.857024
0.855337
0.855337
0.855337
0.855337
0.855337
0.855337
0.680970
0.680970
0.680970
0.680970
0.680970
0.680970
0.680970
0.680970
0.643367
0.643367
0.621525
0.621525
0.621525
0.621525
0.621525
0.621525
0.621525
0.621525
0.621525
0.621525
0.621525
0.621525
0.621525
0.621525
0.621525
0.621525
0.621525
0.621525
0.621525
0.621525
0.621525
0.621525
0.621525
0.621525
0.621525
0.621525
0.621525
0.621525
0.621525
0.621525
0.621525
0.621525
0.621525
0.621525
0.621525
0.545035
0.545035
0.545035
0.545035
0.520200
0.520200
0.520200
0.520200
0.520200
0.520200
0.520200
0.520200
0.520200
0.520200
0.520200
0.520200
0.520200
0.520200
0.520200
0.520200
0.520200
0.520200
0.520200
0.520200
0.520200
0.520200
0.520200
0.520200
0.520200
0.520200
0.520200
0.520200
0.520200
0.520200
0.520200
0.520200
0.520200
0.520200
0.520200
0.520200
0.520200
0.520200
0.520200
0.520200
0.520200
0.520200
0.469266
0.434217
0.413331
0.413331
0.413331
0.413331
0.413331
0.413331
0.413331
0.413331
0.413331
0.413331
0.413331
0.413331
0.413331
0.413331
0.413331

0.100463
0.100203
0.099941
0.099679
0.099417
0.099154
0.098890
0.098625
0.098360
0.098094
0.097827
0.097559
0.097291
0.097022
0.096752
0.096482
0.096210
0.095938
0.095666
0.095392
0.095118
0.094843
0.094567
0.094291
0.094013
0.093735
0.093457
0.093178
0.092898
0.092617
0.092336
0.092054
0.091772
0.091489
0.091205
0.090921
0.090636
0.090351
0.090066
0.089780
0.089494
0.089207
0.088920
0.088633
0.088346
0.088058
0.087771
0.087483
0.087195
0.086907
0.086620
0.086332
0.086045
0.085757
0.085470
0.085184
0.084897
0.084612
0.084326
0.084041
0.083757
0.083473
0.083190
0.082908
0.082626
0.082345
0.082066
0.081787
0.081509
0.081232
0.080956
0.080681
0.080407
0.080135
0.079864
0.079594
0.079325
0.079057
0.078791
0.078526
0.078263
0.078000
0.077740
0.077480
0.077222
0.076966
0.076711
0.076457
0.076204
0.075953
0.075704
0.075456
0.075209
0.074963
0.074719
0.074477
0.074235
0.073995
0.073756
0.073518
0.073282
0.073046
0.072812
0.072579
0.072347
0.072116
0.071886
0.071657
0.071429
0.071202
0.070976
0.070751
0.070527
0.070303
0.070080
0.069858
0.069636
0.069415
0.069195
0.068975
0.068756
0.068538
0.068319
0.068102
0.067884
0.067667
0.067450
0.067234
0.067018
0.066802
0.066586
0.066371
0.066155
0.065940
0.065725
0.065510
0.065295
0.065079
0.064864
0.064649
0.064434
0.064218
0.064003
0.063787
0.063571
0.063355
0.063138
0.062921
0.062704
0.062487
0.062269
0.062051
0.061833
0.061614
0.061395
0.061175
0.060955
0.060735
0.060513
0.060292
0.060070
0.059847
0.059624
0.059400
0.059175
0.058950
0.058724
0.058498
0.058271
0.058043
0.057814
0.057585
0.057355
0.057124
0.056893
0.056661
0.056428
0.056194
0.055959
0.055724
0.055488
0.055250
0.055013
0.054774
0.054534
0.054294
0.054052
0.053810
0.053567
0.053323
0.053078
0.052832
0.052585
0.052337
0.052089
0.051839
0.051589
0.051337
0.051085
0.050832
0.050578
0.050323
0.050067
0.049810
0.049552
0.049293
0.049034
0.048773
0.048512
0.048249
0.047986
0.047722
0.047457
0.047192
0.046925
0.046658
0.046389
0.046120
0.045851
0.045580
0.045309
0.045037
0.044764
0.044490
0.044216
0.043941
0.043666
0.043390
0.043113
0.042836
0.042558
0.042279
0.042000
0.041721
0.041441
0.041161
0.040880
0.040599
0.040317
0.040036
0.039754
0.039472
0.039189
0.038907
0.038624
0.038341
0.038058
0.037775
0.037493
0.037210
0.036927
0.036645
0.036362
0.036080
0.035799
0.035517
0.035236
0.034956
0.034676
0.034396
0.034117
0.033839
0.033562
0.033285
0.033009
0.032734
0.032460
0.032187
0.031915
0.031644
0.031374
0.031105
0.030838
0.030572
0.030307
0.030044
0.029782
0.029522
0.029264
0.029007
0.028752
0.028498
0.028247
0.027997
0.027749
0.027504
0.027260
0.027019
0.026779
0.026542
0.026307
0.026074
0.025844
0.025616
0.025391
0.025167
0.024947
0.024729
0.024513
0.024300
0.024089
0.023882
0.023676
0.023474
0.023274
0.023077
0.022882
0.022690
0.022501
0.022315
0.022132
0.021951
0.021773
0.021597
0.021425
0.021255
0.021087
0.020923
0.020761
0.020602
0.020445
0.020292
0.020140
0.019992
0.019846
0.019702
0.019561
0.019422
0.019286
0.019153
0.019021
0.018892
0.018766
0.018641
0.018519
0.018400
0.018282
0.018167
0.018053
0.017942
0.017833
0.017725
0.017620
0.017517
0.017415
0.017315
0.017218
0.017121
0.017027
0.016934
0.016843
0.016754
0.016666
0.016580
0.016495
0.016412
0.016330
0.016249
0.016170
0.016092
0.016015
0.015940
0.015866
0.015793
0.015721
0.015651
0.015581
0.015513
0.015445
0.015379
0.015313
0.015249
0.015185
0.015123
0.015061
0.015000
0.014940
0.014880
0.014822
0.014764
0.014707
0.014651
0.014595
0.014540
0.014486
0.014433
0.014380
0.014327
0.014276
0.014224
0.014174
0.014124
0.014074
0.014025
0.013977
0.013928
0.013881
0.013834
0.013787
0.013741
0.013695
0.013650
0.013605
0.013560
0.013516
0.013472
0.013428
0.013385
0.013343
0.013300
0.013258
0.013216
0.013175
0.013134
0.013093
0.013052
0.013012
0.012972
0.012932
0.012893
0.012853
0.012814
0.012776
0.012737
0.012699
0.012661
0.012623
0.012586
0.012548
0.012511
0.012474
0.012437
0.012401
0.012365
0.012329
0.012293
0.012257
0.012221
0.012186
0.012151
0.012116
0.012081
0.012046
0.012012
0.011978
0.011944
0.011910
0.011876
0.011842
0.011808
0.011775
0.011742
0.011709
0.011676
0.011643
0.011610
0.011578
0.011546
0.011513
0.011481
0.011449
0.011417
0.011386
0.011354
0.011323
0.011291
0.011260
0.011229
0.011198
0.011167
0.011136
0.011106
0.011075
0.011045
0.011015
0.010984
0.010954
0.010924
0.010895
0.010865
0.010835
0.010806
0.010776
0.010747
0.010718
0.010689
0.010660
0.010631
0.010602
0.010573
0.010545
0.010516
0.010488
0.010460
0.010431
0.010403
0.010375
0.010347
0.010320
0.010292
0.010264
0.010237
0.010209
0.010182
0.010155
0.010127
0.010100
0.010073
0.010046
0.010019
0.009993
0.009966
0.009939
0.009913
0.009887
0.009860
0.009834
0.009808
0.009782
0.009756
0.009730
0.009704
0.009678
0.009652
0.009627
0.009601
0.009576
0.009550
0.009525
0.009500
0.009475
0.009450
0.009425
0.009400
0.009375
0.009350
0.009326
0.009301
0.009276
0.009252
0.009228
0.009203
0.009179
0.009155
0.009131
0.009107
0.009083
0.009059
0.009035
0.009011
0.008988
0.008964
0.008940
0.008917
0.008894
0.008870
0.008847
0.008824
0.008801
0.008778
0.008755
0.008732
0.008709
0.008686
0.008663
0.008641
0.008618
0.008596
0.008573
0.008551
0.008528
0.008506
0.008484
0.008462
0.008440
0.008418
0.008396
0.008374
0.008352
0.008330
0.008308
0.008287
0.008265
0.008244
0.008222
0.008201
0.008179
0.008158
0.008137
0.008116
0.008095
0.008074
0.008053
0.008032
0.008011
0.007990
0.007969
0.007949
0.007928
0.007907
0.007887
0.007866
0.007846
0.007826
0.007805
0.007785
0.007765
0.007745
0.007725
0.007705
0.007685
0.007665
0.007645
0.007625
0.007606
0.007586
0.007566
0.007547
0.007527
0.007508
0.007488
0.007469
0.007450
0.007430
0.007411
0.007392
0.007373
0.007354
0.007335
0.007316
0.007297
0.007278
0.007260
0.007241
0.007222
0.007204
0.007185
0.007167
0.007148
0.007130
0.007111
0.007093
0.007075
0.007057
0.007038
0.007020
0.007002
0.006984
0.006966
0.006948
0.006930
0.006913
0.006895
0.006877
0.006859
0.006842
0.006824
0.006807
0.006789
0.006772
0.006754
0.006737
0.006720
0.006703
0.006685
0.006668
0.006651
0.006634
0.006617
0.006600
0.006583
0.006566
0.006550
0.006533
0.006516
0.006499
0.006483
0.006466
0.006450
0.006433
0.006417
0.006400
0.006384
0.006367
0.006351
0.006335
0.006319
0.006303
0.006286
0.006270
0.006254
0.006238
0.006222
0.006207
0.006191
0.006175
0.006159
0.006143
0.006128
0.006112
0.006097
0.006081
0.006066
0.006050
0.006035
0.006019
0.006004
0.005989
0.005973
0.005958
0.005943
0.005928
0.005913
0.005898
0.005883
0.005868
0.005853
0.005838
0.005823
0.005808
0.005793
0.005779
0.005764
0.005749
0.005735
0.005720
0.005706
0.005691
0.005677
0.005662
0.005648
0.005634
0.005619
0.005605
0.005591
0.005577
0.005563
0.005548
0.005534
0.005520
0.005506
0.005492
0.005479
0.005465
0.005451
0.005437
0.005423
0.005410
0.005396
0.005382
0.005369
0.005355
0.005341
0.005328
0.005314
0.005301
0.005288
0.005274
0.005261
0.005248
0.005234
0.005221
0.005208
0.005195
0.005182
0.005169
0.005156
0.005143
0.005130
0.005117
0.005104
0.005091
0.005078
0.005065
0.005053
0.005040
0.005027
0.005015
0.005002
0.004989
0.004977
0.004964
0.004952
0.004939
0.004927
0.004914
0.004902
0.004890
0.004878
0.004865
0.004853
0.004841
0.004829
0.004817
0.004805
0.004792
0.004780
0.004768
0.004757
0.004745
0.004733
0.004721
0.004709
0.004697
0.004685
0.004674
0.004662
0.004650
0.004639
0.004627
0.004616
0.004604
0.004592
0.004581
0.004570
0.004558
0.004547
0.004535
0.004524
0.004513
0.004502
0.004490
0.004479
0.004468
0.004457
0.004446
0.004435
0.004424
0.004413
0.004402
0.004391
0.004380
0.004369
0.004358
0.004347
0.004336
0.004325
0.004315
0.004304
0.004293
0.004283
0.004272
0.004261
0.004251
0.004240
0.004230
0.004219
0.004209
0.004198
0.004188
0.004178
0.004167
0.004157
0.004147
0.004136
0.004126
0.004116
0.004106
0.004096
0.004085
0.004075
0.004065
0.004055
0.004045
0.004035
0.004025
0.004015
0.004005
0.003996
0.003986
0.003976
0.003966
0.003956
0.003947
0.003937
0.003927
0.003917
0.003908
0.003898
0.003889
0.003879
0.003870
0.003860
0.003851
0.003841
0.003832
0.003822
0.003813
0.003804
0.003794
0.003785
0.003776
0.003766
0.003757
0.003748
0.003739
0.003730
0.003721
0.003711
0.003702
0.003693
0.003684
0.003675
0.003666
0.003657
0.003648
0.003640
0.003631
0.003622
0.003613
0.003604
0.003595
0.003587
0.003578
0.003569
0.003561
0.003552
0.003543
0.003535
0.003526
0.003518
0.003509
0.003500
0.003492
0.003484
0.003475
0.003467
0.003458
0.003450
0.003442
0.003433
0.003425
0.003417
0.003408
0.003400
0.003392
0.003384
0.003376
0.003367
0.003359
0.003351
0.003343
0.003335
0.003327
0.003319
0.003311
0.003303
0.003295
0.003287
0.003279
0.003271
0.003264
0.003256
0.003248
0.003240
0.003232
0.003225
0.003217
0.003209
0.003202
0.003194
0.003186
0.003179
0.003171
0.003163
0.003156
0.003148
0.003141
0.003133
0.003126
0.003119
0.003111
0.003104
0.003096
0.003089
0.003082
0.003074
0.003067
0.003060
0.003052
0.003045
0.003038
0.003031
0.003024
0.003016
0.003009
0.003002
0.002995
0.002988
0.002981
0.002974
0.002967
0.002960
0.002953
0.002946
0.002939
0.002932
0.002925
0.002918
0.002911
0.002905
0.002898
0.002891
0.002884
0.002877
0.002871
0.002864
0.002857
0.002851
0.002844
0.002837
0.002831
0.002824
0.002817
0.002811
0.002804
0.002798
0.002791
0.002785
0.002778
0.002772
0.002765
0.002759
0.002752
0.002746
0.002740
0.002733
0.002727
0.002721
0.002714
0.002708
0.002702
0.002696
0.002689
0.002683
0.002677
0.002671
0.002665
0.002658
0.002652
0.002646
0.002640
0.002634
0.002628
0.002622
0.002616
0.002610
0.002604
0.002598
0.002592
0.002586
0.002580
0.002574
0.002568
0.002563
0.002557
0.002551
0.002545
0.002539
0.002534
0.002528
0.002522
0.002516
0.002511
0.002505
0.002499
0.002494
0.002488
0.002482
0.002477
0.002471
0.002465
0.002460
0.002454
0.002449
0.002443
0.002438
0.002432
0.002427
0.002421
0.002416
0.002410
0.002405
0.002400
0.002394
0.002389
0.002384
0.002378
0.002373
0.002368
0.002362
0.002357
0.002352
0.002347
0.002341
0.002336
0.002331
0.002326
0.002321
0.002315
0.002310
0.002305
0.002300
0.002295
0.002290
0.002285
0.002280
0.002275
0.002270
0.002265
0.002260
0.002255
0.002250
0.002245
0.002240
0.002235
0.002230
0.002225
0.002220
0.002216
0.002211
0.002206
0.002201
0.002196
0.002191
0.002187
0.002182
0.002177
0.002172
0.002168
0.002163
0.002158
0.002154
0.002149
0.002144
0.002140
0.002135
0.002131
0.002126
0.002121
0.002117
0.002112
0.002108
0.002103
0.002099
0.002094
0.002090
0.002085
0.002081
0.002076
0.002072
0.002067
0.002063
0.002059
0.002054
0.002050
0.002046
0.002041
0.002037
0.002033
0.002028
0.002024
0.002020
0.002015
0.002011
0.002007
0.002003
0.001998
0.001994
0.001990
0.001986
0.001982
0.001978
0.001973
0.001969
0.001965
0.001961
0.001957
0.001953
0.001949
0.001945
0.001941
0.001937
0.001933
0.001929
0.001925
0.001921
0.001917
0.001913
0.001909
0.001905
0.001901
0.001897
0.001893
0.001889
0.001885
0.001882
0.001878
0.001874
0.001870
0.001866
0.001862
0.001859
0.001855
0.001851
0.001847
0.001843
0.001840
0.001836
0.001832
0.001829
0.001825
0.001821
0.001818
0.001814
0.001810
0.001807
0.001803
0.001799
0.001796
0.001792
0.001789
0.001785
0.001781
0.001778
0.001774
0.001771
0.001767
0.001764
0.001760
0.001757
0.001753
0.001750
0.001746
0.001743
0.001739
0.001736
0.001733
0.001729
0.001726
0.001722
0.001719
0.001716
0.001712
0.001709
0.001706
0.001702
0.001699
0.001696
0.001692
0.001689
0.001686
0.001682
0.001679
0.001676
0.001673
0.001669
0.001666
0.001663
0.001660
0.001657
0.001653
0.001650
0.001647
0.001644
0.001641
0.001638
0.001635
0.001631
0.001628
0.001625
0.001622
0.001619
0.001616
0.001613
0.001610
0.001607
0.001604
0.001601
0.001598
0.001595
0.001592
0.001589
0.001586
0.001583
0.001580
0.001577
0.001574
0.001571
0.001568
0.001565
0.001562
0.001559
0.001557
0.001554
0.001551
0.001548
0.001545
0.001542
0.001539
0.001537
0.001534
0.001531
0.001528
0.001525
0.001523
0.001520
0.001517
0.001514
0.001512
0.001509
0.001506
0.001503
0.001501
0.001498
0.001495
0.001493
0.001490
0.001487
0.001485
0.001482
0.001479
0.001477
0.001474
0.001471
0.001469
0.001466
0.001463
0.001461
0.001458
0.001456
0.001453
0.001451
0.001448
0.001445
0.001443
0.001440
0.001438
0.001435
0.001433
0.001430
0.001428
0.001425
0.001423
0.001420
0.001418
0.001415
0.001413
0.001411
0.001408
0.001406
0.001403
0.001401
0.001398
0.001396
0.001394
0.001391
0.001389
0.001387
0.001384
0.001382
0.001380
0.001377
0.001375
0.001373
0.001370
0.001368
0.001366
0.001363
0.001361
0.001359
0.001356
0.001354
0.001352
0.001350
0.001347
0.001345
0.001343
0.001341
0.001338
0.001336
0.001334
0.001332
0.001330
0.001327
0.001325
0.001323
0.001321
0.001319
0.001317
0.001314
0.001312
0.001310
0.001308
0.001306
0.001304
0.001302
0.001300
0.001297
0.001295
0.001293
0.001291
0.001289
0.001287
0.001285
0.001283
0.001281
0.001279
0.001277
0.001275
0.001273
0.001271
0.001269
0.001267
0.001265
0.001263
0.001261
0.001259
0.001257
0.001255
0.001253
0.001251
0.001249
0.001247
0.001245
0.001243
0.001241
0.001239
0.001237
0.001235
0.001234
0.001232
0.001230
0.001228
0.001226
0.001224
0.001222
0.001220
0.001218
0.001217
0.001215
0.001213
0.001211
0.001209
0.001207
0.001206
0.001204
0.001202
0.001200
0.001198
0.001197
0.001195
0.001193
0.001191
0.001189
0.001188
0.001186
0.001184
0.001182
0.001181
0.001179
0.001177
0.001175
0.001174
0.001172
0.001170
0.001169
0.001167
0.001165
0.001164
0.001162
0.001160
0.001158
0.001157
0.001155
0.001153
0.001152
0.001150
0.001149
0.001147
0.001145
0.001144
0.001142
0.001140
0.001139
0.001137
0.001135
0.001134
0.001132
0.001131
0.001129
0.001128
0.001126
0.001124
0.001123
0.001121
0.001120
0.001118
0.001117
0.001115
0.001113
0.001112
0.001110
0.001109
0.001107
0.001106
0.001104
0.001103
0.001101
0.001100
0.001098
0.001097
0.001095
0.001094
0.001092
0.001091
0.001089
0.001088
0.001086
0.001085
0.001083
0.001082
0.001081
0.001079
0.001078
0.001076
0.001075
0.001073
0.001072
0.001071
0.001069
0.001068
0.001066
0.001065
0.001064
0.001062
0.001061
0.001059
0.001058
0.001057
0.001055
0.001054
0.001053
0.001051
0.001050
0.001048
0.001047
0.001046
0.001044
0.001043
0.001042
0.001040
0.001039
0.001038
0.001036
0.001035
0.001034
0.001033
0.001031
0.001030
0.001029
0.001027
0.001026
0.001025
0.001023
0.001022
0.001021
0.001020
0.001018
0.001017
0.001016
0.001015
0.001013
0.001012
0.001011
0.001010
0.001008
0.001007
0.001006
0.001005
0.001003
0.001002
0.001001
0.001000
0.000999
0.000997
0.000996
0.000995
0.000994
0.000993
0.000991
0.000990
0.000989
0.000988
0.000987
0.000986
0.000984
0.000983
0.000982
0.000981
0.000980
0.000979
0.000977
0.000976
0.000975
0.000974
0.000973
0.000972
0.000971
0.000969
0.000968
0.000967
0.000966
0.000965
0.000964
0.000963
0.000962
0.000961
0.000960
0.000958
0.000957
0.000956
0.000955
0.000954
0.000953
0.000952
0.000951
0.000950
0.000949
0.000948
0.000947
0.000946
0.000944
0.000943
0.000942
0.000941
0.000940
0.000939
0.000938
0.000937
0.000936
0.000935
0.000934
0.000933
0.000932
0.000931
0.000930
0.000929
0.000928
0.000927
0.000926
0.000925
0.000924
0.000923
0.000922
0.000921
0.000920
0.000919
0.000918
0.000917
0.000916
0.000915
0.000914
0.000913
0.000912
0.000911
0.000910
0.000909
0.000908
0.000907
0.000906
0.000906
0.000905
0.000904
0.000903
0.000902
0.000901
0.000900
0.000899
0.000898
0.000897
0.000896
0.000895
0.000894
0.000893
0.000893
0.000892
0.000891
0.000890
0.000889
0.000888
0.000887
0.000886
0.000885
0.000884
0.000884
0.000883
0.000882
0.000881
0.000880
0.000879
0.000878
0.000877
0.000877
0.000876
0.000875
0.000874
0.000873
0.000872
0.000871
0.000870
0.000870
0.000869
0.000868
0.000867
0.000866
0.000865
0.000865
0.000864
0.000863
0.000862
0.000861
0.000860
0.000860
0.000859
0.000858
0.000857
0.000856
0.000856
0.000855
0.000854
0.000853
0.000852
0.000851
0.000851
0.000850
0.000849
0.000848
0.000848
0.000847
0.000846
0.000845
0.000844
0.000844
0.000843
0.000842
0.000841
0.000840
0.000840
0.000839
0.000838
0.000837
0.000837
0.000836
0.000835
0.000834
0.000834
0.000833
0.000832
0.000831
0.000831
0.000830
0.000829
0.000828
0.000828
0.000827
0.000826
0.000825
0.000825
0.000824
0.000823
0.000822
0.000822
0.000821
0.000820
0.000820
0.000819
0.000818
0.000817
0.000817
0.000816
0.000815
0.000815
0.000814
0.000813
0.000812
0.000812
0.000811
0.000810
0.000810
0.000809
0.000808
0.000808
0.000807
0.000806
0.000806
0.000805
0.000804
0.000803
0.000803
0.000802
0.000801
0.000801
0.000800
0.000799
0.000799
0.000798
0.000797
0.000797
0.000796
0.000795
0.000795
0.000794
0.000793
0.000793
0.000792
0.000792
0.000791
0.000790
0.000790
0.000789
0.000788
0.000788
0.000787
0.000786
0.000786
0.000785
0.000784
0.000784
0.000783
0.000783
0.000782
0.000781
0.000781
0.000780
0.000779
0.000779
0.000778
0.000778
0.000777
0.000776
0.000776
0.000775
0.000775
0.000774
0.000773
0.000773
0.000772
0.000772
0.000771
0.000770
0.000770
0.000769
0.000769
0.000768
0.000767
0.000767
0.000766
0.000766
0.000765
0.000764
0.000764
0.000763
0.000763
0.000762
0.000761
0.000761
0.000760
0.000760
0.000759
0.000759
0.000758
0.000757
0.000757
0.000756
0.000756
0.000755
0.000755
0.000754
0.000754
0.000753
0.000752
0.000752
0.000751
0.000751
0.000750
0.000750
0.000749
0.000749
0.000748
0.000747
0.000747
0.000746
0.000746
0.000745
0.000745
0.000744
0.000744
0.000743
0.000743
0.000742
0.000742
0.000741
0.000740
0.000740
0.000739
0.000739
0.000738
0.000738
0.000737
0.000737
0.000736
0.000736
0.000735
0.000735
0.000734
0.000734
0.000733
0.000733
0.000732
0.000732
0.000731
0.000731
0.000730
0.000730
0.000729
0.000729
0.000728
0.000728
0.000727
0.000727
0.000726
0.000726
0.000725
0.000725
0.000724
0.000724
0.000723
0.000723
0.000722
0.000722
0.000721
0.000721
0.000720
0.000720
0.000719
0.000719
0.000718
0.000718
0.000717
0.000717
0.000716
0.000716
0.000715
0.000715
0.000714
0.000714
0.000713
0.000713
0.000713
0.000712
0.000712
0.000711
0.000711
0.000710
0.000710
0.000709
0.000709
0.000708
0.000708
0.000707
0.000707
0.000707
0.000706
0.000706
0.000705
0.000705
0.000704
0.000704
0.000703
0.000703
0.000702
0.000702
0.000702
0.000701
0.000701
0.000700
0.000700
0.000699
0.000699
0.000698
0.000698
0.000698
0.000697
0.000697
0.000696
0.000696
0.000695
0.000695
0.000695
0.000694
0.000694
0.000693
0.000693
0.000692
0.000692
0.000692
0.000691
0.000691
0.000690
0.000690
0.000689
0.000689
0.000689
0.000688
0.000688
0.000687
0.000687
0.000687
0.000686
0.000686
0.000685
0.000685
0.000684
0.000684
0.000684
0.000683
0.000683
0.000682
0.000682
0.000682
0.000681
0.000681
0.000680
0.000680
0.000680
0.000679
0.000679
0.000678
0.000678
0.000678
0.000677
0.000677
0.000676
0.000676
0.000676
0.000675
0.000675
0.000674
0.000674
0.000674
0.000673
0.000673
0.000673
0.000672
0.000672
0.000671
0.000671
0.000671
0.000670
0.000670
0.000669
0.000669
0.000669
0.000668
0.000668
0.000668
0.000667
0.000667
0.000666
0.000666
0.000666
0.000665
0.000665
0.000665
0.000664
0.000664
0.000663
0.000663
0.000663
0.000662
0.000662
0.000662
0.000661
0.000661
0.000661
0.000660
0.000660
0.000659
0.000659
0.000659
0.000658
0.000658
0.000658
0.000657
0.000657
0.000657
0.000656
0.000656
0.000656
0.000655
0.000655
0.000654
0.000654
0.000654
0.000653
0.000653
0.000653
0.000652
0.000652
0.000652
0.000651
0.000651
0.000651
0.000650
0.000650
0.000650
0.000649
0.000649
0.000649
0.000648
0.000648
0.000648
0.000647
0.000647
0.000647
0.000646
0.000646
0.000646
0.000645
0.000645
0.000644
0.000644
0.000644
0.000643
0.000643
0.000643
0.000643
0.000642
0.000642
0.000642
0.000641
0.000641
0.000641
0.000640
0.000640
0.000640
0.000639
0.000639
0.000639
0.000638
0.000638
0.000638
0.000637
0.000637
0.000637
0.000636
0.000636
0.000636
0.000635
0.000635
0.000635
0.000634
0.000634
0.000634
0.000633
0.000633
0.000633
0.000633
0.000632
0.000632
0.000632
0.000631
0.000631
0.000631
0.000630
0.000630
0.000630
0.000629
0.000629
0.000629
0.000629
0.000628
0.000628
0.000628
0.000627
0.000627
0.000627
0.000626
0.000626
0.000626
0.000625
0.000625
0.000625
0.000625
0.000624
0.000624
0.000624
0.000623
0.000623
0.000623
0.000622
0.000622
0.000622
0.000622
0.000621
0.000621
0.000621
0.000620
0.000620
0.000620
0.000620
0.000619
0.000619
0.000619
0.000618
0.000618
0.000618
0.000618
0.000617
0.000617
0.000617
0.000616
0.000616
0.000616
0.000616
0.000615
0.000615
0.000615
0.000614
0.000614
0.000614
0.000614
0.000613
0.000613
0.000613
0.000612
0.000612
0.000612
0.000612
0.000611
0.000611
0.000611
0.000611
0.000610
0.000610
0.000610
0.000609
0.000609
0.000609
0.000609
0.000608
0.000608
0.000608
0.000607
0.000607
0.000607
0.000607
0.000606
0.000606
0.000606
0.000606
0.000605
0.000605
0.000605
0.000605
0.000604
0.000604
0.000604
0.000603
0.000603
0.000603
0.000603
0.000602
0.000602
0.000602
0.000602
0.000601
0.000601
0.000601
0.000601
0.000600
0.000600
0.000600
0.000600
0.000599
0.000599
0.000599
0.000599
0.000598
0.000598
0.000598
0.000597
0.000597
0.000597
0.000597
0.000596
0.000596
0.000596
0.000596
0.000595
0.000595
0.000595
0.000595
0.000594
0.000594
0.000594
0.000594
0.000593
0.000593
0.000593
0.000593
0.000592
0.000592
0.000592
0.000592
0.000591
0.000591
0.000591
0.000591
0.000590
0.000590
0.000590
0.000590
0.000590
0.000589
0.000589
0.000589
0.000589
0.000588
0.000588
0.000588
0.000588
0.000587
0.000587
0.000587
0.000587
0.000586
0.000586
0.000586
0.000586
0.000585
0.000585
0.000585
0.000585
0.000584
0.000584
0.000584
0.000584
0.000584
0.000583
0.000583
0.000583
0.000583
0.000582
0.000582
0.000582
0.000582
0.000581
0.000581
0.000581
0.000581
0.000581
0.000580
0.000580
0.000580
0.000580
0.000579
0.000579
0.000579
0.000579
0.000578
0.000578
0.000578
0.000578
0.000578
0.000577
0.000577
0.000577
0.000577
0.000576
0.000576
0.000576
0.000576
0.000576
0.000575
0.000575
0.000575
0.000575
0.000574
0.000574
0.000574
0.000574
0.000574
0.000573
0.000573
0.000573
0.000573
0.000572
0.000572
0.000572
0.000572
0.000572
0.000571
0.000571
0.000571
0.000571
0.000571
0.000570
0.000570
0.000570
0.000570
0.000569
0.000569
0.000569
0.000569
0.000569
0.000568
0.000568
0.000568
0.000568
0.000568
0.000567
0.000567
0.000567
0.000567
0.000566
0.000566
0.000566
0.000566
0.000566
0.000565
0.000565
0.000565
0.000565
0.000565
0.000564
0.000564
0.000564
0.000564
0.000564
0.000563
0.000563
0.000563
0.000563
0.000563
0.000562
0.000562
0.000562
0.000562
0.000562
0.000561
0.000561
0.000561
0.000561
0.000560
0.000560
0.000560
0.000560
0.000560
0.000559
0.000559
0.000559
0.000559
0.000559
0.000558
0.000558
0.000558
0.000558
0.000558
0.000557
0.000557
0.000557
0.000557
0.000557
0.000557
0.000556
0.000556
0.000556
0.000556
0.000556
0.000555
0.000555
0.000555
0.000555
0.000555
0.000554
0.000554
0.000554
0.000554
0.000554
0.000553
0.000553
0.000553
0.000553
0.000553
0.000552
0.000552
0.000552
0.000552
0.000552
0.000551
0.000551
0.000551
0.000551
0.000551
0.000551
0.000550
0.000550
0.000550
0.000550
0.000550
0.000549
0.000549
0.000549
0.000549
0.000549
0.000548
0.000548
0.000548
0.000548
0.000548
0.000548
0.000547
0.000547
0.000547
0.000547
0.000547
0.000546
0.000546
0.000546
0.000546
0.000546
0.000546
0.000545
0.000545
0.000545
0.000545
0.000545
0.000544
0.000544
0.000544
0.000544
0.000544
0.000544
0.000543
0.000543
0.000543
0.000543
0.000543
0.000542
0.000542
0.000542
0.000542
0.000542
0.000542
0.000541
0.000541
0.000541
0.000541
0.000541
0.000540
0.000540
0.000540
0.000540
0.000540
0.000540
0.000539
0.000539
0.000539
0.000539
0.000539
0.000539
0.000538
0.000538
0.000538
0.000538
0.000538
0.000538
0.000537
0.000537
0.000537
0.000537
0.000537
0.000536
0.000536
0.000536
0.000536
0.000536
0.000536
0.000535
0.000535
0.000535
0.000535
0.000535
0.000535
0.000534
0.000534
0.000534
0.000534
0.000534
0.000534
0.000533
0.000533
0.000533
0.000533
0.000533
0.000533
0.000532
0.000532
0.000532
0.000532
0.000532
0.000532
0.000531
0.000531
0.000531
0.000531
0.000531
0.000531
0.000530
0.000530
0.000530
0.000530
0.000530
0.000530
0.000529
0.000529
0.000529
0.000529
0.000529
0.000529
0.000528
0.000528
0.000528
0.000528
0.000528
0.000528
0.000528
0.000527
0.000527
0.000527
0.000527
0.000527
0.000527
0.000526
0.000526
0.000526
0.000526
0.000526
0.000526
0.000525
0.000525
0.000525
0.000525
0.000525
0.000525
0.000525
0.000524
0.000524
0.000524
0.000524
0.000524
0.000524
0.000523
0.000523
0.000523
0.000523
0.000523
0.000523
0.000522
0.000522
0.000522
0.000522
0.000522
0.000522
0.000522
0.000521
0.000521
0.000521
0.000521
0.000521
0.000521
0.000520
0.000520
0.000520
0.000520
0.000520
0.000520
0.000520
0.000519
0.000519
0.000519
0.000519
0.000519
0.000519
0.000518
0.000518
0.000518
0.000518
0.000518
0.000518
0.000518
0.000517
0.000517
0.000517
0.000517
0.000517
0.000517
0.000517
0.000516
0.000516
0.000516
0.000516
0.000516
0.000516
0.000516
0.000515
0.000515
0.000515
0.000515
0.000515
0.000515
0.000514
0.000514
0.000514
0.000514
0.000514
0.000514
0.000514
0.000513
0.000513
0.000513
0.000513
0.000513
0.000513
0.000513
0.000512
0.000512
0.000512
0.000512
0.000512
0.000512
0.000512
0.000511
0.000511
0.000511
0.000511
0.000511
0.000511
0.000511
0.000510
0.000510
0.000510
0.000510
0.000510
0.000510
0.000510
0.000509
0.000509
0.000509
0.000509
0.000509
0.000509
0.000509
0.000508
0.000508
0.000508
0.000508
0.000508
0.000508
0.000508
0.000508
0.000507
0.000507
0.000507
0.000507
0.000507
0.000507
0.000507
0.000506
0.000506
0.000506
0.000506
0.000506
0.000506
0.000506
0.000505
0.000505
0.000505
0.000505
0.000505
0.000505
0.000505
0.000504
0.000504
0.000504
0.000504
0.000504
0.000504
0.000504
0.000504
0.000503
0.000503
0.000503
0.000503
0.000503
0.000503
0.000503
0.000502
0.000502
0.000502
0.000502
0.000502
0.000502
0.000502
0.000502
0.000501
0.000501
0.000501
0.000501
0.000501
0.000501
0.000501
0.000500
0.000500
0.000500
0.000500
0.000500
0.000500
0.000500
0.000500
0.000499
0.000499
0.000499
0.000499
0.000499
0.000499
0.000499
0.000499
0.000498
0.000498
0.000498
0.000498
0.000498
0.000498
0.000498
0.000498
0.000497
0.000497
0.000497
0.000497
0.000497
0.000497
0.000497
0.000496
0.000496
0.000496
0.000496
0.000496
0.000496
0.000496
0.000496
0.000495
0.000495
0.000495
0.000495
0.000495
0.000495
0.000495
0.000495
0.000494
0.000494
0.000494
0.000494
0.000494
0.000494
0.000494
0.000494
0.000493
0.000493
0.000493
0.000493
0.000493
0.000493
0.000493
0.000493
0.000492
0.000492
0.000492
0.000492
0.000492
0.000492
0.000492
0.000492
0.000491
0.000491
0.000491
0.000491
0.000491
0.000491
0.000491
0.000491
0.000491
0.000490
0.000490
0.000490
0.000490
0.000490
0.000490
0.000490
0.000490
0.000489
0.000489
0.000489
0.000489
0.000489
0.000489
0.000489
0.000489
0.000488
0.000488
0.000488
0.000488
0.000488
0.000488
0.000488
0.000488
0.000488
0.000487
0.000487
0.000487
0.000487
0.000487
0.000487
0.000487
0.000487
0.000486
0.000486
0.000486
0.000486
0.000486
0.000486
0.000486
0.000486
0.000486
0.000485
0.000485
0.000485
0.000485
0.000485
0.000485
0.000485
0.000485
0.000484
0.000484
0.000484
0.000484
0.000484
0.000484
0.000484
0.000484
0.000484
0.000483
0.000483
0.000483
0.000483
0.000483
0.000483
0.000483
0.000483
0.000483
0.000482
0.000482
0.000482
0.000482
0.000482
0.000482
0.000482
0.000482
0.000481
0.000481
0.000481
0.000481
0.000481
0.000481
0.000481
0.000481
0.000481
0.000480
0.000480
0.000480
0.000480
0.000480
0.000480
0.000480
0.000480
0.000480
0.000479
0.000479
0.000479
0.000479
0.000479
0.000479
0.000479
0.000479
0.000479
0.000478
0.000478
0.000478
0.000478
0.000478
0.000478
0.000478
0.000478
0.000478
0.000477
0.000477
0.000477
0.000477
0.000477
0.000477
0.000477
0.000477
0.000477
0.000477
0.000476
0.000476
0.000476
0.000476
0.000476
0.000476
0.000476
0.000476
0.000476
0.000475
0.000475
0.000475
0.000475
0.000475
0.000475
0.000475
0.000475
0.000475
0.000474
0.000474
0.000474
0.000474
0.000474
0.000474
0.000474
0.000474
0.000474
0.000474
0.000473
0.000473
0.000473
0.000473
0.000473
0.000473
0.000473
0.000473
0.000473
0.000472
0.000472
0.000472
0.000472
0.000472
0.000472
0.000472
0.000472
0.000472
0.000472
0.000471
0.000471
0.000471
0.000471
0.000471
0.000471
0.000471
0.000471
0.000471
0.000470
0.000470
0.000470
0.000470
0.000470
0.000470
0.000470
0.000470
0.000470
0.000470
0.000469
0.000469
0.000469
0.000469
0.000469
0.000469
0.000469
0.000469
0.000469
0.000469
0.000468
0.000468
0.000468
0.000468
0.000468
0.000468
0.000468
0.000468
0.000468
0.000468
0.000467
0.000467
0.000467
0.000467
0.000467
0.000467
0.000467
0.000467
0.000467
0.000467
0.000466
0.000466
0.000466
0.000466
0.000466
0.000466
0.000466
0.000466
0.000466
0.000466
0.000465
0.000465
0.000465
0.000465
0.000465
0.000465
0.000465
0.000465
0.000465
0.000465
0.000464
0.000464
0.000464
0.000464
0.000464
0.000464
0.000464
0.000464
0.000464
0.000464
0.000463
0.000463
0.000463
0.000463
0.000463
0.000463
0.000463
0.000463
0.000463
0.000463
0.000463
0.000462
0.000462
0.000462
0.000462
0.000462
0.000462
0.000462
0.000462
0.000462
0.000462
0.000461
0.000461
0.000461
0.000461
0.000461
0.000461
0.000461
0.000461
0.000461
0.000461
0.000461
0.000460
0.000460
0.000460
0.000460
0.000460
0.000460
0.000460
0.000460
0.000460
0.000460
0.000459
0.000459
0.000459
0.000459
0.000459
0.000459
0.000459
0.000459
0.000459
0.000459
0.000459
0.000458
0.000458
0.000458
0.000458
0.000458
0.000458
0.000458
0.000458
0.000458
0.000458
0.000458
0.000457
0.000457
0.000457
0.000457
0.000457
0.000457
0.000457
0.000457
0.000457
0.000457
0.000457
0.000456
0.000456
0.000456
0.000456
0.000456
0.000456
0.000456
0.000456
0.000456
0.000456
0.000456
0.000455
0.000455
0.000455
0.000455
0.000455
0.000455
0.000455
0.000455
0.000455
0.000455
0.000455
0.000454
0.000454
0.000454
0.000454
0.000454
0.000454
0.000454
0.000454
0.000454
0.000454
0.000454
0.000453
0.000453
0.000453
0.000453
0.000453
0.000453
0.000453
0.000453
0.000453
0.000453
0.000453
0.000452
0.000452
0.000452
0.000452
0.000452
0.000452
0.000452
0.000452
0.000452
0.000452
0.000452
0.000452
0.000451
0.000451
0.000451
0.000451
0.000451
0.000451
0.000451
0.000451
0.000451
0.000451
0.000451
0.000450
0.000450
0.000450
0.000450
0.000450
0.000450
0.000450
0.000450
0.000450
0.000450
0.000450
0.000450
0.000449
0.000449
0.000449
0.000449
0.000449
0.000449
0.000449
0.000449
0.000449
0.000449
0.000449
0.000448
0.000448
0.000448
0.000448
0.000448
0.000448
0.000448
0.000448
0.000448
0.000448
0.000448
0.000448
0.000447
0.000447
0.000447
0.000447
0.000447
0.000447
0.000447
0.000447
0.000447
0.000447
0.000447
0.000447
0.000446
0.000446
0.000446
0.000446
0.000446
0.000446
0.000446
0.000446
0.000446
0.000446
0.000446
0.000446
0.000445
0.000445
0.000445
0.000445
0.000445
0.000445
0.000445
0.000445
0.000445
0.000445
0.000445
0.000445
0.000444
0.000444
0.000444
0.000444
0.000444
0.000444
0.000444
0.000444
0.000444
0.000444
0.000444
0.000444
0.000444
0.000443
0.000443
0.000443
0.000443
0.000443
0.000443
0.000443
0.000443
0.000443
0.000443
0.000443
0.000443
0.000442
0.000442
0.000442
0.000442
0.000442
0.000442
0.000442
0.000442
0.000442
0.000442
0.000442
0.000442
0.000441
0.000441
0.000441
0.000441
0.000441
0.000441
0.000441
0.000441
0.000441
0.000441
0.000441
0.000441
0.000441
0.000440
0.000440
0.000440
0.000440
0.000440
0.000440
0.000440
0.000440
0.000440
0.000440
0.000440
0.000440
0.000440
0.000439
0.000439
0.000439
0.000439
0.000439
0.000439
0.000439
0.000439
0.000439
0.000439
0.000439
0.000439
0.000439
0.000438
0.000438
0.000438
0.000438
0.000438
0.000438
0.000438
0.000438
0.000438
0.000438
0.000438
0.000438
0.000438
0.000437
0.000437
0.000437
0.000437
0.000437
0.000437
0.000437
0.000437
0.000437
0.000437
0.000437
0.000437
0.000437
0.000436
0.000436
0.000436
0.000436
0.000436
0.000436
0.000436
0.000436
0.000436
0.000436
0.000436
0.000436
0.000436
0.000435
0.000435
0.000435
0.000435
0.000435
0.000435
0.000435
0.000435
0.000435
0.000435
0.000435
0.000435
0.000435
0.000434
0.000434
0.000434
0.000434
0.000434
0.000434
0.000434
0.000434
0.000434
0.000434
0.000434
0.000434
0.000434
0.000434
0.000433
0.000433
0.000433
0.000433
0.000433
0.000433
0.000433
0.000433
0.000433
0.000433
0.000433
0.000433
0.000433
0.000432
0.000432
0.000432
0.000432
0.000432
0.000432
0.000432
0.000432
0.000432
0.000432
0.000432
0.000432
0.000432
0.000432
0.000431
0.000431
0.000431
0.000431
0.000431
0.000431
0.000431
0.000431
0.000431
0.000431
0.000431
0.000431
0.000431
0.000431
0.000430
0.000430
0.000430
0.000430
0.000430
0.000430
0.000430
0.000430
0.000430
0.000430
0.000430
0.000430
0.000430
0.000430
0.000429
0.000429
0.000429
0.000429
0.000429
0.000429
0.000429
0.000429
0.000429
0.000429
0.000429
0.000429
0.000429
0.000429
0.000428
0.000428
0.000428
0.000428
0.000428
0.000428
0.000428
0.000428
0.000428
0.000428
0.000428
0.000428
0.000428
0.000428
0.000427
0.000427
0.000427
0.000427
0.000427
0.000427
0.000427
0.000427
0.000427
0.000427
0.000427
0.000427
0.000427
0.000427
0.000427
0.000426
0.000426
0.000426
0.000426
0.000426
0.000426
0.000426
0.000426
0.000426
0.000426
0.000426
0.000426
0.000426
0.000426
0.000425
0.000425
0.000425
0.000425
0.000425
0.000425
0.000425
0.000425
0.000425
0.000425
0.000425
0.000425
0.000425
0.000425
0.000425
0.000424
0.000424
0.000424
0.000424
0.000424
0.000424
0.000424
0.000424
0.000424
0.000424
0.000424
0.000424
0.000424
0.000424
0.000424
0.000423
0.000423
0.000423
0.000423
0.000423
0.000423
0.000423
0.000423
0.000423
0.000423
0.000423
0.000423
0.000423
0.000423
0.000423
0.000422
0.000422
0.000422
0.000422
0.000422
0.000422
0.000422
0.000422
0.000422
0.000422
0.000422
0.000422
0.000422
0.000422
0.000422
0.000421
0.000421
0.000421
0.000421
0.000421
0.000421
0.000421
0.000421
0.000421
0.000421
0.000421
0.000421
0.000421
0.000421
0.000421
0.000420
0.000420
0.000420
0.000420
0.000420
0.000420
0.000420
0.000420
0.000420
0.000420
0.000420
0.000420
0.000420
0.000420
0.000420
0.000420
0.000419
0.000419
0.000419
0.000419
0.000419
0.000419
0.000419
0.000419
0.000419
0.000419
0.000419
0.000419
0.000419
0.000419
0.000419
0.000418
0.000418
0.000418
0.000418
0.000418
0.000418
0.000418
0.000418
0.000418
0.000418
0.000418
0.000418
0.000418
0.000418
0.000418
0.000418
0.000417
0.000417
0.000417
0.000417
0.000417
0.000417
0.000417
0.000417
0.000417
0.000417
0.000417
0.000417
0.000417
0.000417
0.000417
0.000417
0.000416
0.000416
0.000416
0.000416
0.000416
0.000416
0.000416
0.000416
0.000416
0.000416
0.000416
0.000416
0.000416
0.000416
0.000416
0.000416
0.000415
0.000415
0.000415
0.000415
0.000415
0.000415
0.000415
0.000415
0.000415
0.000415
0.000415
0.000415
0.000415
0.000415
0.000415
0.000415
0.000414
0.000414
0.000414
0.000414
0.000414
0.000414
0.000414
0.000414
0.000414
0.000414
0.000414
0.000414
0.000414
0.000414
0.000414
0.000414
0.000414
0.000413
0.000413
0.000413
0.000413
0.000413
0.000413
0.000413
0.000413
0.000413
0.000413
0.000413
0.000413
0.000413
0.000413
0.000413
0.000413
0.000412
0.000412
0.000412
0.000412
0.000412
0.000412
0.000412
0.000412
0.000412
0.000412
0.000412
0.000412
0.000412
0.000412
0.000412
0.000412
0.000412
0.000411
0.000411
0.000411
0.000411
0.000411
0.000411
0.000411
0.000411
0.000411
0.000411
0.000411
0.000411
0.000411
0.000411
0.000411
0.000411
0.000411
0.000410
0.000410
0.000410
0.000410
0.000410
0.000410
0.000410
0.000410
0.000410
0.000410
0.000410
0.000410
0.000410
0.000410
0.000410
0.000410
0.000410
0.000409
0.000409
0.000409
0.000409
0.000409
0.000409
0.000409
0.000409
0.000409
0.000409
0.000409
0.000409
0.000409
0.000409
0.000409
0.000409
0.000409
0.000408
0.000408
0.000408
0.000408
0.000408
0.000408
0.000408
0.000408
0.000408
0.000408
0.000408
0.000408
0.000408
0.000408
0.000408
0.000408
0.000408
0.000408
0.000407
0.000407
0.000407
0.000407
0.000407
0.000407
0.000407
0.000407
0.000407
0.000407
0.000407
0.000407
0.000407
0.000407
0.000407
0.000407
0.000407
0.000407
0.000406
0.000406
0.000406
0.000406
0.000406
0.000406
0.000406
0.000406
0.000406
0.000406
0.000406
0.000406
0.000406
0.000406
0.000406
0.000406
0.000406
0.000405
0.000405
0.000405
0.000405
0.000405
0.000405
0.000405
0.000405
0.000405
0.000405
0.000405
0.000405
0.000405
0.000405
0.000405
0.000405
0.000405
0.000405
0.000404
0.000404
0.000404
0.000404
0.000404
0.000404
0.000404
0.000404
0.000404
0.000404
0.000404
0.000404
0.000404
0.000404
0.000404
0.000404
0.000404
0.000404
0.000404
0.000403
0.000403
0.000403
0.000403
0.000403
0.000403
0.000403
0.000403
0.000403
0.000403
0.000403
0.000403
0.000403
0.000403
0.000403
0.000403
0.000403
0.000403
0.000402
0.000402
0.000402
0.000402
0.000402
0.000402
0.000402
0.000402
0.000402
0.000402
0.000402
0.000402
0.000402
0.000402
0.000402
0.000402
0.000402
0.000402
0.000402
0.000401
0.000401
0.000401
0.000401
0.000401
0.000401
0.000401
0.000401
0.000401
0.000401
0.000401
0.000401
0.000401
0.000401
0.000401
0.000401
0.000401
0.000401
0.000401
0.000400
0.000400
0.000400
0.000400
0.000400
0.000400
0.000400
0.000400
0.000400
0.000400
0.000400
0.000400
0.000400
0.000400
0.000400
0.000400
0.000400
0.000400
0.000400
0.000399
0.000399
0.000399
0.000399
0.000399
0.000399
0.000399
0.000399
0.000399
0.000399
0.000399
0.000399
0.000399
0.000399
0.000399
0.000399
0.000399
0.000399
0.000399
0.000398
0.000398
0.000398
0.000398
0.000398
0.000398
0.000398
0.000398
0.000398
0.000398
0.000398
0.000398
0.000398
0.000398
0.000398
0.000398
0.000398
0.000398
0.000398
0.000397
0.000397
0.000397
0.000397
0.000397
0.000397
0.000397
0.000397
0.000397
0.000397
0.000397
0.000397
0.000397
0.000397
0.000397
0.000397
0.000397
0.000397
0.000397
0.000397
0.000396
0.000396
0.000396
0.000396
0.000396
0.000396
0.000396
0.000396
0.000396
0.000396
0.000396
0.000396
0.000396
0.000396
0.000396
0.000396
0.000396
0.000396
0.000396
0.000396
0.000395
0.000395
0.000395
0.000395
0.000395
0.000395
0.000395
0.000395
0.000395
0.000395
0.000395
0.000395
0.000395
0.000395
0.000395
0.000395
0.000395
0.000395
0.000395
0.000395
0.000394
0.000394
0.000394
0.000394
0.000394
0.000394
0.000394
0.000394
0.000394
0.000394
0.000394
0.000394
0.000394
0.000394
0.000394
0.000394
0.000394
0.000394
0.000394
0.000394
0.000393
0.000393
0.000393
0.000393
0.000393
0.000393
0.000393
0.000393
0.000393
0.000393
0.000393
0.000393
0.000393
0.000393
0.000393
0.000393
0.000393
0.000393
0.000393
0.000393
0.000393
0.000392
0.000392
0.000392
0.000392
0.000392
0.000392
0.000392
0.000392
0.000392
0.000392
0.000392
0.000392
0.000392
0.000392
0.000392
0.000392
0.000392
0.000392
0.000392
0.000392
0.000391
0.000391
0.000391
0.000391
0.000391
0.000391
0.000391
0.000391
0.000391
0.000391
0.000391
0.000391
0.000391
0.000391
0.000391
0.000391
0.000391
0.000391
0.000391
0.000391
0.000391
0.000390
0.000390
0.000390
0.000390
0.000390
0.000390
0.000390
0.000390
0.000390
0.000390
0.000390
0.000390
0.000390
0.000390
0.000390
0.000390
0.000390
0.000390
0.000390
0.000390
0.000390
0.000390
0.000389
0.000389
0.000389
0.000389
0.000389
0.000389
0.000389
0.000389
0.000389
0.000389
0.000389
0.000389
0.000389
0.000389
0.000389
0.000389
0.000389
0.000389
0.000389
0.000389
0.000389
0.000388
0.000388
0.000388
0.000388
0.000388
0.000388
0.000388
0.000388
0.000388
0.000388
0.000388
0.000388
0.000388
0.000388
0.000388
0.000388
0.000388
0.000388
0.000388
0.000388
0.000388
0.000388
0.000387
0.000387
0.000387
0.000387
0.000387
0.000387
0.000387
0.000387
0.000387
0.000387
0.000387
0.000387
0.000387
0.000387
0.000387
0.000387
0.000387
0.000387
0.000387
0.000387
0.000387
0.000387
0.000386
0.000386
0.000386
0.000386
0.000386
0.000386
0.000386
0.000386
0.000386
0.000386
0.000386
0.000386
0.000386
0.000386
0.000386
0.000386
0.000386
0.000386
0.000386
0.000386
0.000386
0.000386
0.000385
0.000385
0.000385
0.000385
0.000385
0.000385
0.000385
0.000385
0.000385
0.000385
0.000385
0.000385
0.000385
0.000385
0.000385
0.000385
0.000385
0.000385
0.000385
0.000385
0.000385
0.000385
0.000385
0.000384
0.000384
0.000384
0.000384
0.000384
0.000384
0.000384
0.000384
0.000384
0.000384
0.000384
0.000384
0.000384
0.000384
0.000384
0.000384
0.000384
0.000384
0.000384
0.000384
0.000384
0.000384
0.000383
0.000383
0.000383
0.000383
0.000383
0.000383
0.000383
0.000383
0.000383
0.000383
0.000383
0.000383
0.000383
0.000383
0.000383
0.000383
0.000383
0.000383
0.000383
0.000383
0.000383
0.000383
0.000383
0.000382
0.000382
0.000382
0.000382
0.000382
0.000382
0.000382
0.000382
0.000382
0.000382
0.000382
0.000382
0.000382
0.000382
0.000382
0.000382
0.000382
0.000382
0.000382
0.000382
0.000382
0.000382
0.000382
0.000382
0.000381
0.000381
0.000381
0.000381
0.000381
0.000381
0.000381
0.000381
0.000381
0.000381
0.000381
0.000381
0.000381
0.000381
0.000381
0.000381
0.000381
0.000381
0.000381
0.000381
0.000381
0.000381
0.000381
0.000380
0.000380
0.000380
0.000380
0.000380
0.000380
0.000380
0.000380
0.000380
0.000380
0.000380
0.000380
0.000380
0.000380
0.000380
0.000380
0.000380
0.000380
0.000380
0.000380
0.000380
0.000380
0.000380
0.000380
0.000379
0.000379
0.000379
0.000379
0.000379
0.000379
0.000379
0.000379
0.000379
0.000379
0.000379
0.000379
0.000379
0.000379
0.000379
0.000379
0.000379
0.000379
0.000379
0.000379
0.000379
0.000379
0.000379
0.000379
0.000378
0.000378
0.000378
0.000378
0.000378
0.000378
0.000378
0.000378
0.000378
0.000378
0.000378
0.000378
0.000378
0.000378
0.000378
0.000378
0.000378
0.000378
0.000378
0.000378
0.000378
0.000378
0.000378
0.000378
0.000377
0.000377
0.000377
0.000377
0.000377
0.000377
0.000377
0.000377
0.000377
0.000377
0.000377
0.000377
0.000377
0.000377
0.000377
0.000377
0.000377
0.000377
0.000377
0.000377
0.000377
0.000377
0.000377
0.000377
0.000377
0.000376
0.000376
0.000376
0.000376
0.000376
0.000376
0.000376
0.000376
0.000376
0.000376
0.000376
0.000376
0.000376
0.000376
0.000376
0.000376
0.000376
0.000376
0.000376
0.000376
0.000376
0.000376
0.000376
0.000376
0.000376
0.000375
0.000375
0.000375
0.000375
0.000375
0.000375
0.000375
0.000375
0.000375
0.000375
0.000375
0.000375
0.000375
0.000375
0.000375
0.000375
0.000375
0.000375
0.000375
0.000375
0.000375
0.000375
0.000375
0.000375
0.000375
0.000374
0.000374
0.000374
0.000374
0.000374
0.000374
0.000374
0.000374
0.000374
0.000374
0.000374
0.000374
0.000374
0.000374
0.000374
0.000374
0.000374
0.000374
0.000374
0.000374
0.000374
0.000374
0.000374
0.000374
0.000374
0.000374
0.000373
0.000373
0.000373
0.000373
0.000373
0.000373
0.000373
0.000373
0.000373
0.000373
0.000373
0.000373
0.000373
0.000373
0.000373
0.000373
0.000373
0.000373
0.000373
0.000373
0.000373
0.000373
0.000373
0.000373
0.000373
0.000373
0.000372
0.000372
0.000372
0.000372
0.000372
0.000372
0.000372
0.000372
0.000372
0.000372
0.000372
0.000372
0.000372
0.000372
0.000372
0.000372
0.000372
0.000372
0.000372
0.000372
