26.378062
10.600854
8.234045
8.234045
5.665355
5.665355
5.665355
5.250740
5.250740
5.250740
4.491004
4.491004
3.496182
3.496182
2.635329
2.635329
2.045212
2.045212
2.045212
1.460062
1.460062
1.460062
1.460062
1.460062
1.446354
1.226162
1.226162
1.226162
1.226162
1.226162
1.226162
1.226162
1.226162
1.226162
1.226162
1.226162
1.226162
1.226162
1.226162
1.226162
1.226162
1.226162
1.226162
1.059109
1.059109
1.045250
0.819505
0.819505
0.819505
0.554206
0.554206
0.554206
0.437152
0.425405
0.425405
0.425405
0.425405
0.425405
0.425405
0.425405
0.358301
0.358301
0.358301
0.358301
0.358301
0.358301
0.358301
0.358301
0.358301
0.358301
0.346583
0.346583
0.346583
0.346583
0.342290
0.342290
0.342290
0.342290
0.342290
0.342290
0.342290
0.342290
0.342290
0.342290
0.342290
0.342290
0.342290
0.342290
0.342290
0.342290
0.342290
0.342290
0.342290
0.342290
0.342290
0.342290
0.342290
0.342290
0.342290
0.342290
0.342290
0.342290
0.314498
0.314498
0.314498
0.314498
0.314498
0.314498
0.279641
0.279641
0.279641
0.279641
0.279641
0.279641
0.279641
0.279641
0.279641
0.279641
0.279641
0.279641
0.279641
0.279641
0.279641
0.279641
0.279641
0.279641
0.279641
0.279641
0.279641
0.279641
0.279641
0.279641
0.279641
0.279641
0.279641
0.279641
0.279641
0.279641
0.279641
0.279641
0.279641
0.279641
0.279641
0.279641
0.279641
0.279641
0.279641
0.279641
0.279641
0.279641
0.279641
0.279641
0.279641
0.279641
0.279641
0.279641
0.279641
0.279641
0.279641
0.279641
970856
0.0097970856
0.0097970856
0.0097970856
0.0083101253
0.0083101253
0.0083101253
0.0073272132
0.0073272132
0.0073272132
0.0073272132
0.0073272132
0.0073272132
0.0073272132
0.0073272132
0.0073272132
0.0073272132
0.0073272132
0.0073272132
0.0073272132
0.0073272132
0.0073272132
0.0073272132
0.0073272132
0.0073272132
0.0073272132
0.0073272132
0.0073272132
0.0052726207
0.0052726207
0.0038992102
0.0038992102
0.0038992102
0.0038992102
0.0038992102
0.0031760607
0.0031760607
0.0026490590
0.0026490590
0.0026490590
0.0026490590
0.0026490590
0.0026490590
0.0026490590
0.0025518737
0.0025518737
0.0025518737
0.0025518737
0.0017658782
0.0013435870
0.0013435870
0.0013435870
0.0013435870
0.0013435870
0.0013435870
0.0013435870
0.0013435870
0.0013435870
0.0013435870
0.0013435870
0.0013435870
0.0013435870
0.0013435870
0.0012071262
0.0012071262
0.0012071262
0.0012071262
0.0012071262
0.0012071262
0.0010977239
0.0010977239
0.0010977239
0.0010037492
0.0010037492
0.0010037492
0.0010037492
0.0010037492
0.0010037492
0.0010037492
0.0008840050
0.0008840050
0.0008840050
0.0008840050
0.0007960488
0.0007960488
0.0007960488
0.0007960488
0.0007960488
0.0007960488
0.0007960488
0.0007902675
0.0005759040
0.0005759040
0.0005759040
0.0005759040
0.0005759040
0.0005759040
0.0005050615
0.0005050615
0.0005050615
0.0005050615
0.0005050615
0.0005050615
0.0004834291
0.0004834291
0.0004834291
0.0004834291
0.0004834291
0.0004834291
0.0003563458
0.0003563458
0.0003563458
0.0003563458
0.0003563458
0.0003563458
0.0003563458
0.0003563458
0.0003563458
0.0003563458
0.0003563458
0.0003563458
0.0003178041
0.0003178041
0.0003178041
0.0002906393
0.0002906393
0.0002906393
0.0002906393
0.0002773237
0.0002773237
0.0002560940
0.0002560940
0.0001932405
0.0001932405
0.0001932405
0.0001932405
0.0001932405
0.0001932405
0.0001932405
0.0001932405
0.0001932405
0.0001932405
0.0001932405
0.0001932405
0.0001929122
0.0001894363
0.0001894363
0.0001894363
0.0001894363
0.0001894363
0.0001894363
0.0001894363
0.0001894363
0.0001894363
0.0001894363
0.0001894363
0.0001894363
0.0001894363
0.0001879851
0.0001879851
0.0001879851
0.0001879851
0.0001879851
0.0001794449
0.0001685791
0.0001685791
0.0001685791
0.0001685791
0.0001685791
0.0001685791
0.0001685791
0.0001685791
0.0001685791
0.0001685791
0.0001685791
0.0001685791
0.0001685791
0.0001594425
0.0001594425
0.0001594425
0.0001594425
0.0001594425
0.0001594425
0.0001567259
0.0001567259
0.0001540939
0.0001540939
0.0001540939
0.0001540939
0.0001540939
0.0001540939
0.0001540939
0.0001480788
0.0001480788
0.0001480788
0.0001480788
0.0001480788
0.0001480788
0.0001480788
0.0001480788
0.0001480788
0.0001480788
0.0001449277
0.0001449277
0.0001449277
0.0001449277
0.0001449277
0.0001449277
0.0001449277
0.0001449277
0.0001449277
0.0001449277
0.0001449277
0.0001445634
0.0001445634
0.0001430043
0.0001410378
0.0001372161
0.0001372161
0.0001372161
0.0001372161
0.0001372161
0.0001372161
0.0001372161
0.0001372161
0.0001372161
0.0001372161
0.0001372161
0.0001372161
0.0001372161
0.0001372161
0.0001370284
0.0001370284
0.0001370284
0.0001370284
0.0001349219
0.0001349219
0.0001349219
0.0001349219
0.0001349219
0.0001349219
0.0001331923
0.0001331923
0.0001331923
0.0001330638
0.0001321165
0.0001321165
0.0001321165
0.0001321165
0.0001317953
0.0001306645
0.0001306645
0.0001306645
0.0001306645
0.0001305214
0.0001305214
0.0001305214
0.0001305214
0.0001305214
0.0001305214
0.0001305214
0.0001305214
0.0001301009
0.0001294143
0.0001294143
0.0001294143
0.0001294143
0.0001294143
0.0001294143
0.0001294143
0.0001294143
0.0001294143
0.0001287904
0.0001287904
0.0001287904
0.0001287904
0.0001276743
0.0001276743
0.0001276743
0.0001276743
0.0001276743
0.0001276743
0.0001276743
0.0001276743
0.0001276743
0.0001276743
0.0001265606
0.0001265606
0.0001262817
0.0001262817
0.0001262817
0.0001262817
0.0001262817
0.0001262817
0.0001262817
0.0001262817
0.0001262817
0.0001262817
0.0001262817
0.0001262817
0.0001262817
0.0001262817
0.0001262817
0.0001262817
0.0001262817
0.0001262207
0.0001259314
0.0001258485
0.0001258485
0.0001258485
0.0001254719
0.0001249359
0.0001249359
0.0001249359
0.0001249359
0.0001249359
0.0001242981
0.0001242981
0.0001242981
0.0001242981
0.0001242981
0.0001242981
0.0001238135
0.0001238135
0.0001231433
0.0001231433
0.0001229575
0.0001229575
0.0001223935
0.0001223935
0.0001223935
0.0001223935
0.0001218142
0.0001214639
0.0001214639
0.0001214639
0.0001204762
0.0001196370
0.0001196370
0.0001196370
0.0001196370
0.0001196370
0.0001189674
0.0001189674
0.0001189674
0.0001189674
0.0001189674
0.0001189674
0.0001189674
0.0001189674
0.0001189674
0.0001187629
0.0001187629
0.0001187629
0.0001187629
0.0001186031
0.0001186031
0.0001186031
0.0001186031
0.0001186031
0.0001185110
0.0001183351
0.0001178533
0.0001172134
0.0001172134
0.0001172134
0.0001172134
0.0001172134
0.0001172134
0.0001165623
0.0001165623
0.0001165623
0.0001165623
0.0001165623
0.0001165623
0.0001165623
0.0001165345
0.0001165345
0.0001165066
0.0001160220
0.0001158559
0.0001158559
0.0001155811
0.0001155811
0.0001155811
0.0001155811
0.0001151751
0.0001146950
0.0001146950
0.0001146950
0.0001146950
0.0001141059
0.0001128853
0.0001121949
0.0001117631
0.0001117631
0.0001117631
0.0001117631
0.0001105349
0.0001105349
0.0001105349
0.0001104390
0.0001104390
0.0001098082
0.0001098082
0.0001098082
0.0001098082
0.0001090769
0.0001086693
0.0001086693
0.0001075385
0.0001075385
0.0001075385
0.0001075385
0.0001072547
0.0001055630
0.0001039996
0.0001036761
0.0001036761
0.0001036761
0.0001036761
0.0001036761
0.0001036761
0.0001036761
0.0001029535
0.0001029535
0.0001029535
0.0001029535
0.0001029535
0.0001029535
0.0001029535
0.0001029535
0.0001029535
0.0001029535
0.0001029535
0.0001029535
0.0001029535
0.0001006819
0.0001006819
0.0000999330
