0.183888643
0.183888643
0.183888643
0.183888643
0.183888643
0.183888643
0.183888643
0.183888643
0.183888643
0.183888643
0.183888643
0.183888643
0.183888643
0.183888643
0.163149327
0.163149327
0.161500622
0.156869911
0.156869911
0.156869911
0.156869911
0.156869911
0.156869911
0.156869911
0.156869911
0.156869911
0.156869911
0.155839824
0.155839824
0.151421423
0.151421423
0.151421423
0.151421423
0.151421423
0.151421423
0.151421423
0.148873511
0.148873511
0.148351647
0.144896697
0.144896697
0.144896697
0.144896697
0.144896697
0.144896697
0.144896697
0.144896697
0.144896697
0.141802038
0.141802038
0.141802038
0.141802038
0.141802038
0.141802038
0.138953315
0.138953315
0.138953315
0.138953315
0.138953315
0.138953315
0.138953315
0.138953315
0.138953315
0.138953315
0.138953315
0.138953315
0.138953315
0.137063960
0.137063960
0.137063960
0.137063960
0.133487600
0.123272087
0.123272087
0.123272087
0.118651466
0.118651466
0.118651466
0.118651466
0.114235111
0.114235111
0.110262164
0.088587054
0.088587054
0.088586484
0.088586484
0.088586484
0.088586484
0.088352541
0.088352541
0.088352541
0.088316303
0.078475852
0.078475852
0.076456996
0.076456996
0.076456996
0.076456996
0.076456996
0.073953684
0.073953684
0.073226711
0.054615555
0.051999324
0.051999324
0.051999324
0.051999324
0.051999324
0.051999324
0.051999324
0.051999324
0.051999324
0.046186762
0.046186762
0.046186762
0.046186762
0.046186762
0.046186762
0.046186762
0.046186762
0.046186762
0.046186762
0.046186762
0.039666703
0.039666703
0.039666703
0.034638649
0.034638649
0.032172271
0.030664817
0.030664817
0.030664817
0.030664817
0.030664817
0.030664817
0.030664817
0.030664817
0.030664817
0.030308427
0.030308427
0.028527709
0.027082054
0.027082054
0.025239148
0.025239148
0.025239148
0.021647684
0.021647684
0.021647684
0.021647684
0.021647684
0.021647684
0.021647684
0.019200858
0.019065056
0.019032816
0.019032816
0.019032816
0.019032816
0.019032816
0.009778125
0.009778125
0.009778125
0.009778125
0.009778125
0.009778125
0.009778125
0.009778125
0.009778125
0.009778125
0.009778125
0.009778125
0.009778125
0.009187704
0.009187704
0.009187704
0.009187704
0.009187704
0.008131580
0.008131580
0.008131580
0.008131580
0.007723803
0.007723803
0.006499387
0.006499387
0.006499387
0.006499387
0.006499387
0.006497125
0.006497125
0.006497125
0.006497125
0.006497125
0.006497125
0.006497125
0.006497125
0.004580761
0.004580761
0.003794409
0.003794409
0.003794409
0.003794409
0.003794409
0.003557316
0.003557316
0.003557316
0.003557316
0.003557316
0.003557316
0.003557316
0.003557316
0.003552538
0.002248069
0.002248069
0.002185444
0.002185444
0.002185444
0.002185444
0.002185444
0.002117727
0.002117727
0.002117727
0.002117727
0.001977652
0.001977652
0.001977652
0.001977652
0.001977652
0.001427894
0.001427894
0.001427894
0.001427894
0.001427894
0.001427894
0.001427894
0.001427894
0.001427894
0.001427894
0.001427894
0.001427894
0.001427894
0.001425848
0.001425848
0.001425848
0.001191661
0.001191661
0.001191661
0.001191661
0.001191661
0.001191661
0.001191661
0.001191661
0.001191661
0.001151156
0.001151156
0.001151156
0.000969231
0.000969231
0.000969231
0.000883910
0.000883910
0.000883910
0.000883910
0.000883910
0.000883910
0.000883910
0.000883910
0.000839238
0.000839238
0.000839238
0.000839238
0.000839238
0.000499791
0.000499791
0.000499791
0.000499791
0.000499791
0.000499791
0.000499791
0.000499791
0.000499791
0.000499791
0.000499791
0.000473156
0.000473156
0.000473156
0.000473156
0.000473156
0.000473156
0.000473156
0.000473156
0.000473156
0.000473156
0.000407629
0.000407629
0.000407629
0.000407629
0.000407629
0.000407629
0.000407629
0.000407629
0.000407629
0.000407629
0.000407629
0.000407629
0.000407629
0.000407629
0.000407629
0.000359289
0.000359289
0.000359289
0.000359289
0.000359289
0.000359289
0.000359289
0.000359289
0.000359289
0.000359289
0.000359289
0.000347231
0.000347231
0.000347231
0.000347231
0.000347231
0.000347231
0.000328714
0.000328714
0.000323835
0.000323835
0.000323835
0.000323835
0.000323835
0.000323835
0.000323835
0.000323835
0.000323835
0.000323835
0.000323835
0.000323835
0.000316992
0.000316992
0.000316992
0.000316992
0.000316992
0.000316992
0.000316992
0.000316992
0.000316992
0.000315867
0.000315867
0.000315203
0.000300142
0.000300142
0.000300142
0.000300142
0.000300142
0.000295091
0.000295091
0.000295091
0.000295091
0.000295091
0.000295091
0.000295091
0.000289730
0.000289730
0.000289730
0.000289730
0.000289682
0.000286323
0.000283497
0.000283497
0.000283497
0.000283497
0.000283497
0.000281798
0.000281296
0.000281296
0.000281296
0.000279959
0.000279959
0.000279959
0.000275564
0.000275564
0.000275564
0.000273106
0.000273106
0.000271847
0.000271847
0.000271847
0.000271847
0.000271847
0.000271847
0.000267484
0.000267484
0.000265470
0.000265470
0.000265470
0.000265470
0.000258294
0.000258294
0.000258294
0.000258294
0.000256875
0.000249956
0.000249956
0.000249956
0.000249956
0.000249956
0.000249635
0.000249635
0.000249569
0.000239156
0.000239156
0.000239156
0.000239156
0.000239156
0.000239156
0.000239156
0.000239156
0.000237032
0.000237032
0.000222460
0.000222460
0.000222460
0.000222460
0.000218314
0.000218314
0.000218314
0.000218314
0.000215414
0.000215414
0.000215414
0.000210030
0.000210030
0.000210030
0.000210030
0.000209441
0.000209441
0.000209441
0.000209441
0.000209441
0.000209441
0.000209441
0.000207235
0.000207235
0.000203267
0.000203267
0.000203267
0.000203267
0.000203267
0.000203267
0.000203267
0.000200969
0.000200969
0.000198958
0.000185873
0.000185873
0.000184424
0.000184424
0.000184424
0.000184424
0.000184424
0.000184424
0.000184424
0.000169480
0.000169480
0.000169480
0.000169480
0.000169480
0.000169480
0.000169480
0.000164834
0.000164834
0.000164834
0.000164834
0.000164834
0.000158591
0.000158591
0.000158591
0.000158591
0.000158591
0.000158591
0.000158591
0.000158591
0.000158591
0.000158487
0.000158487
0.000157526
0.000157526
0.000157526
0.000157526
0.000157526
0.000154206
0.000145993
0.000143716
0.000143716
0.000143716
0.000143716
0.000143716
0.000140216
0.000140216
0.000140216
0.000140216
0.000136427
0.000136427
0.000136427
0.000136427
0.000136427
0.000136427
0.000136427
0.000136427
0.000133181
0.000133181
0.000133181
0.000133181
0.000133181
0.000133181
0.000129288
0.000129288
0.000126508
0.000126508
0.000126508
0.000126508
0.000126508
0.000125179
0.000125179
0.000125179
0.000125179
0.000125179
0.000125179
0.000124962
0.000123882
0.000123882
0.000123882
0.000123882
0.000123882
0.000123882
0.000123882
0.000123518
0.000123518
0.000123518
0.000122440
0.000122440
0.000122440
0.000122440
0.000122440
0.000122029
0.000122029
0.000121964
0.000119892
0.000119892
0.000119892
0.000119892
0.000119892
0.000119631
0.000119631
0.000119103
0.000116582
0.000116582
0.000116582
0.000116582
0.000116582
0.000115537
0.000115537
0.000115537
0.000114007
0.000114007
0.000114007
0.000113496
0.000113496
0.000113076
0.000113076
0.000110911
0.000110911
0.000110911
0.000110740
0.000110345
0.000110345
0.000110345
0.000109460
0.000109460
0.000109460
0.000107501
0.000106758
0.000106758
0.000104473
0.000104010
0.000104010
0.000103875
0.000103875
0.000103875
0.000103875
0.000103875
0.000103875
0.000098478
